0.1402
0.4206
0.8412
1.402
2.103
2.9442
3.9256
5.0472
6.309
7.711
9.2532
10.9356
12.7582
14.721
16.824
19.0672
21.4506
23.9742
26.638
29.442
32.3862
35.4706
38.6952
42.06
45.565
49.2102
52.9956
56.9212
60.987
65.193
69.5392
74.0256
78.6522
83.419
88.326
93.3732
98.5606
103.888
109.356
114.964
120.712
126.601
132.629
138.798
145.107
151.556
158.146
164.875
171.745
178.755
185.905
193.196
200.626
208.197
215.908
223.759
231.751
239.882
248.154
256.566
265.118
273.811
282.643
291.616
300.729
309.982
319.376
328.909
338.583
348.397
358.351
368.446
378.68
389.055
399.57
410.225
421.021
431.956
443.032
454.248
465.604
477.101
488.737
500.514
512.431
524.488
536.686
549.023
561.501
574.119
586.877
599.776
612.814
625.993
639.312
652.771
666.371
680.11
693.99
708.01
